# unix_time, cycles_done, cur_path, paths_total, pending_total, pending_favs, map_size, unique_crashes, unique_hangs, max_depth, execs_per_sec
1551344827, 0, 0, 1, 1, 1, 0.04%, 0, 0, 1, 1000.00
1551344832, 0, 0, 5, 5, 1, 0.04%, 0, 4, 2, 81.04
1551344838, 0, 0, 7, 7, 1, 0.05%, 0, 5, 2, 65.34
1551344863, 0, 2, 7, 6, 3, 0.05%, 0, 5, 2, 59.30
1551344884, 0, 3, 7, 5, 2, 0.05%, 0, 5, 2, 53.02
1551344889, 0, 3, 10, 8, 2, 0.05%, 0, 5, 3, 75.70
1551344920, 0, 6, 10, 7, 2, 0.05%, 0, 5, 3, 52.88
1551344996, 0, 7, 10, 6, 1, 0.05%, 0, 5, 3, 68.84
1551345027, 0, 8, 10, 5, 0, 0.05%, 0, 5, 3, 56.55
1551345063, 0, 9, 10, 4, 0, 0.05%, 0, 5, 3, 60.96
1551345089, 1, 0, 10, 3, 0, 0.05%, 0, 5, 3, 50.05
1551345115, 1, 0, 11, 4, 0, 0.06%, 0, 5, 3, 53.32
1551345182, 1, 0, 12, 5, 0, 0.06%, 0, 5, 3, 53.23
1551345253, 1, 0, 13, 6, 0, 0.06%, 0, 5, 3, 53.45
