# unix_time, cycles_done, cur_path, paths_total, pending_total, pending_favs, map_size, unique_crashes, unique_hangs, max_depth, execs_per_sec
1551342752, 0, 0, 1, 1, 1, 0.04%, 0, 0, 1, 666.67
1551342757, 0, 0, 4, 4, 1, 0.04%, 0, 1, 2, 80.05
1551342763, 0, 0, 6, 6, 1, 0.05%, 0, 2, 2, 65.65
1551342788, 0, 1, 6, 5, 3, 0.05%, 0, 2, 2, 58.41
1551342819, 0, 3, 7, 5, 2, 0.05%, 0, 2, 3, 70.33
1551342824, 0, 3, 9, 7, 2, 0.05%, 0, 2, 3, 66.99
1551342849, 0, 5, 9, 6, 1, 0.05%, 0, 2, 3, 64.51
1551342931, 0, 5, 9, 6, 1, 0.05%, 0, 3, 3, 51.84
1551342956, 0, 6, 9, 5, 0, 0.05%, 0, 3, 3, 73.24
1551342987, 0, 7, 9, 4, 0, 0.05%, 0, 3, 3, 56.97
1551343022, 0, 8, 9, 3, 0, 0.05%, 0, 3, 3, 60.72
1551343053, 1, 0, 9, 2, 0, 0.05%, 0, 3, 3, 49.72
1551343078, 1, 0, 10, 3, 0, 0.05%, 0, 3, 3, 53.92
1551343149, 1, 9, 10, 3, 1, 0.05%, 0, 3, 3, 48.77
1551343170, 2, 0, 10, 2, 0, 0.05%, 0, 3, 3, 50.51
1551343222, 2, 1, 10, 2, 0, 0.05%, 0, 3, 3, 49.82
