0
Sol
0.000005
0.000000
0.000000

1
0
676
Alpheratz
25.974572
0.951042
14.461264
And
1
676
744
Caph
8.600014
0.344589
14.409503
Cas
1
744
1065
Algenib
115.664183
6.687324
31.442127
Peg
1
1065
2076
Ankaa
19.083654
2.198282
-17.483284
Phe
1
2076
3172
Shedir
37.984817
6.784483
58.379619
Cas
1
3172
3413
Diphda
27.583638
5.310463
-9.119792
Cet
1
3413
3759
96 G. Psc
7.258368
1.555495
0.686093
Psc
1
3759
3820
Van Maanen's Star
4.146957
0.903519
0.400348

1
3820
4417
Cih
79.836717
20.168018
146.837047
Cas
1
4417
5436
Mirach
46.946371
14.741814
35.255129
And
1
5436
6442

27.798471
10.538000
-6.844904
Cet
1
6442
118069

27.542823
10.436996
-6.776937
Cet
2
6442
118070

27.540106
10.435967
-6.776269

3
6442
6672
Ruchbah
14.082378
5.534130
26.457567
Cas
1
6672
7358

17.157955
7.551191
-10.783979
Scl
1
7358
118074

18.760586
8.256400
-11.790665
Scl
2
7358
118075

18.760586
8.256400
-11.790665
Scl
3
7358
7574
Achernar
21.065573
9.568417
-35.951967
Eri
1
7574
8884
Sheratan
14.752622
8.063457
6.389157
Ari
1
8884
9618
Almaak
76.368059
45.840864
81.131974
And
1
9618
9861
Hamal
15.731986
9.751722
8.033610
Ari
1
9861
10800
Mira
75.131148
52.288786
-4.761374
Cet
1
10800
11538

14.621447
11.121247
-6.678687
Cet
1
11538
118147

14.140011
10.755950
-6.458773
Cet
2
11538
118148

14.157466
10.721933
-6.477068

3
11538
11734
Polaris
1.343100
1.047629
132.614909
UMi
1
11734
12082
268 G. Cet
5.538462
4.488223
0.861013
Cet
1
12082
12673

18.440324
15.931398
1.377729
Cet
1
12673
118166

18.992203
16.406796
1.419598
Cet
2
12673
118167

19.047045
16.338686
1.480391
Cet
3
12673
13608

15.095318
14.533015
10.618342
Ari
1
13608
118179

14.702758
14.154131
10.342151
Ari
2
13608
118180

14.705185
14.150263
10.340940

3
13608
13735

16.915907
16.510396
-11.009949
For
3
13738
13738

14.573986
14.227768
-9.484275
For
1
13738
118182

14.581228
14.233360
-9.487611
For
2
13738
13813
Acamar
26.857490
26.453029
-31.974932
Eri
1
13813
14100
Menkar
53.342561
54.414384
5.448321
Cet
1
14100
14540
Algol
14.189428
15.238793
18.072114
Per
1
14540
15471
82 G. Eri
2.839238
3.381499
-4.127499
Eri
1
15471
15805

11.216811
13.864962
7.860195
Ari
1
15805
118217

11.388284
14.075480
7.980321
Ari
2
15805
118218

11.382150
14.082549
7.976600
Ari
3
15805
15824
Mirphak
62.885098
77.880689
118.708804
Per
1
15824
17661
Alcyone
61.664507
94.489136
50.483636
Tau
1
17661
17707

3.433740
5.288370
16.149783
Cam
1
17707
118255

3.441942
5.300133
16.192839
Cam
2
17707
118256

3.441911
5.300085
16.192691
Cam
3
17707
18497
Zaurak
30.760217
52.235828
-14.563080
Eri
1
18497
19799

2.179524
4.432894
-0.663740
Eri
1
19799
118281

2.203473
4.486451
-0.672030
Eri
2
19799
118282

2.202917
4.485319
-0.671861
Eri
3
19799
21368
Aldebaran
7.027220
18.287604
5.806661
Tau
1
21368
22961
Hassaleh
34.378539
121.884168
82.763748
Aur
1
22961
23820
Cursa
6.156194
26.585876
-2.429001
Eri
1
23820
24129
Kapteyn's Star
0.578997
2.705174
-2.768220
Pic
1
24129
24378
Rigel
51.601106
256.709905
-37.740051
Ori
1
24378
24549
Capella
1.712633
8.954439
9.440007
Aur
1
24549
25273
Bellatrix
11.658576
76.036136
8.560120
Ori
1
25273
25364
Alnath
5.281578
35.650400
19.655456
Tau
1
25364
25542
Nihal
6.349344
45.531613
-17.425966
Lep
1
25542
25865
Mintaka
25.868117
210.729667
-1.108306
Ori
1
25865
25920
Arneb
76.877195
643.047236
-208.208000
Lep
1
25920
26176
Hatsya
76.014147
706.411475
-73.546040
Ori
1
26176
26246
Alnilam
62.775122
602.666910
-12.712683
Ori
1
26246
26569
Phakt
5.885917
66.110037
-44.893180
Col
1
26569
26662
Alnitak
18.918488
224.809409
-7.651875
Ori
1
26662
27298
Saiph
10.444137
195.314937
-33.326707
Ori
1
27298
27919
Betelgeuse
3.189296
151.364387
19.682142
Ori
1
27919
28288
Menkalinan
0.036195
17.601288
17.569058
Aur
1
28288
28371

-0.019968
14.048419
-8.450735
Col
1
28371
118407

-0.018552
12.824058
-7.714427
Col
2
28371
118408

-0.018559
12.828658
-7.717196
Col
3
28371
30016
Red Rectangle
-37.678828
431.315480
-81.318571
Mon
1
30016
30251
Mirzam
-14.209731
142.995999
-46.568852
CMa
1
30251
30365
Canopus
-5.992679
57.132034
-75.396105
Car
1
30365
31601
Alhena
-5.266162
31.714389
9.461403
Gem
1
31601
32263
Sirius
-0.494323
2.476731
-0.758485
CMa
1
32263
33492
Adhara
-27.497987
105.141608
-60.171969
CMa
1
33492
34354
Wezen
-129.733458
421.761488
-218.979855
CMa
1
34354
35806
Aludra
-190.762166
496.337122
-298.432917
CMa
1
35806
36087
Gomeisa
-18.209817
45.556204
7.147858
CMi
1
36087
36107
Luyten's Star
-1.409549
3.514856
0.346358
CMi
1
36107
36744
Castor
-5.311938
12.130011
8.238737
Gem
1
36744
118485

-5.383676
12.292323
8.349873
Gem
2
36744
118486

-5.385572
12.294670
8.345127
Gem
3
36744
37173
Procyon
-1.469312
3.176170
0.320024
CMi
1
37173
37718
Pollux
-4.055465
8.195180
4.867171
Gem
1
37718
38795

-3.946583
6.991075
-14.076540
Car
1
38795
118516

-3.948324
6.984045
-14.064317
Car
2
38795
118517

-3.948324
6.984045
-14.064317

3
38795
39318
Naos
-130.674899
218.376203
-213.564535
Pup
1
39318
40921
Avior
-54.837080
76.515238
-159.872623
Car
1
40921
42629

-9.920795
11.539875
2.562122
Cnc
1
42629
42644

-9.607013
11.162238
2.478520
Cnc
2
42629
118559

-8.583478
9.973174
2.214625
Cnc
3
42629
42794

-9.394033
10.739813
-20.158771
Vel
1
42794
118562

-9.299716
10.632594
-19.956473
Vel
2
42794
118563

-9.307446
10.630410
-19.954033
Vel
3
42794
44000

-6.835882
6.883318
10.789878
UMa
1
44000
118580

-6.896425
6.943415
10.885428
UMa
2
44000
118581

-6.896063
6.943050
10.884857
UMa
3
44000
45106
Miaplacidus
-8.980712
8.001552
-32.546536
Car
1
45106
45425
Tureis
-90.887872
78.251756
-201.791538
Car
1
45425
46259
Alphard
-43.003468
33.722848
-8.322089
Hya
1
46259
47772
Ras Elased Australis
-57.700126
38.244772
30.494289
Leo
1
47772
49528
Regulus
-21.018857
11.132218
5.041397
Leo
1
49528
50440
Algieba
-34.002797
15.860719
13.538740
Leo
1
50440
53754
Merak
-13.103033
3.398358
20.360601
UMa
1
53754
53879
Lalande 21185
-1.998000
0.504305
1.495504
UMa
1
53879
53905
Dubhe
-17.298705
4.334880
33.191332
UMa
1
53905
54712
Zosma
-16.442201
3.337108
6.280742
Leo
1
54712
54801

-14.909199
2.943565
-4.980594
Crt
1
54801
54804

-13.297719
2.624087
-4.441978
Crt
2
54801
118738

-14.660080
2.898633
-4.891940

3
54801
57459
Denebola
-10.633926
0.508011
2.767546
Leo
1
57459
57767
Groombridge 1830
-7.187679
0.220247
5.561623
UMa
1
57767
57828
Phad
-15.094867
0.406425
20.552678
UMa
1
57828
59592
Megrez
-13.402309
-0.903455
20.710384
UMa
1
59592
59621
Gienah Ghurab
-44.805937
-3.095058
-14.197066
Crv
1
59621
60530
Acrux
-44.363755
-5.171957
-88.034513
Cru
1
60530
60731
3C 273
-99130.706060
-12660.058622
3581.344963

1
60731
60776
Algorab
-25.316094
-3.317674
-7.570570
Crv
1
60776
60893
Gacrux
-14.606901
-1.998688
-22.800748
Cru
1
60893
61166
Kraz
-40.529889
-6.127261
-17.735390
Crv
1
61166
61748
Porrima
-11.488622
-2.111702
-0.295552
Vir
1
61748
62239
Becrux
-42.168771
-8.909619
-73.723149
Cru
1
62239
62757
Alioth
-13.775959
-3.309169
20.972944
UMa
1
62757
62925
Cor Caroli
-26.795114
-6.684223
21.824384
CVn
1
62925
63405
Vindemiatrix
-31.782664
-8.840495
6.388060
Vir
1
63405
65173
Mizar
-14.115808
-5.413302
21.531272
UMa
1
65173
65269
Spica
-69.990853
-27.285826
-14.821760
Vir
1
65269
65272
Alcor
-13.393436
-5.223608
20.521915
UMa
1
65272
66283

-13.447452
-6.117998
16.487651
UMa
1
66283
118904

-13.303506
-6.052351
16.310719
UMa
2
66283
118905

-13.308343
-6.041771
16.310696

3
66283
67088
Alkaid
-18.529548
-9.394541
24.164506
UMa
1
67088
67711
Mufrid
-9.487671
-5.188142
3.596709
Boo
1
67711
68483
Hadar
-50.954051
-30.562870
-104.478695
Cen
1
68483
68537
Thuban
-34.416017
-20.758849
83.796391
Dra
1
68537
68714
Menkent
-12.358808
-7.624204
-10.694288
Cen
1
68714
69451
Arcturus
-8.823448
-5.932531
3.698938
Boo
1
69451
70666
Proxima Centauri
-0.472264
-0.361451
-1.151219
Cen
1
70666
71456
Rigil Kentaurus
-0.495203
-0.414084
-1.156625
Cen
1
71456
71678

-18.043278
-15.470100
8.418083
Boo
1
71678
71688

-15.437601
-13.250424
7.196241
Boo
2
71678
118981

-13.399736
-11.489047
6.251463
Boo
3
71678
71879
Izar
-41.582771
-36.462926
28.269741
Boo
1
71879
72380
Kochab
-8.058164
-7.429707
38.619407
UMi
1
72380
72396
Zubenelgenubi
-16.408581
-15.151818
-6.421874
Lib
1
72396
74556
Zubeneschemali
-36.549398
-42.420251
-9.252607
Lib
1
74556
75489

-12.493698
-16.014262
-3.343604
Lib
1
75489
75493

-12.434009
-15.943968
-3.331985
Lib
2
75489
119022

-12.095489
-15.446549
-3.117300

3
75489
76035
Alphekka
-12.176093
-16.558746
10.343974
CrB
1
76035
76835
Unukalhai
-12.578600
-18.695648
2.537718
Ser
1
76835
78165
Dschubba
-69.332609
-120.492107
-57.928452
Sco
1
78165
78580
Graffias
-55.881427
-102.320756
-41.986040
Sco
1
78580
78602

-16.271951
-29.861239
-21.968407
Lup
1
78602
119062

-9.803307
-17.988824
-13.235530
Lup
2
78602
119063

-9.803307
-17.988824
-13.235530
Lup
3
78602
79311

-8.174006
-16.383386
12.244697

3
79366
79366

-7.763883
-15.688492
11.744175
CrB
1
79366
119075

-7.988329
-16.140612
12.081973
CrB
2
79366
80519
Antares
-58.542602
-140.307591
-75.574766
Sco
1
80519
80571
Kornephoros
-15.155861
-36.689058
15.628430
Her
1
80571
82022
Atria
-13.127447
-40.804561
-111.826781
TrA
1
82022
82565

-1.703055
-5.888724
-0.898248
Oph
1
82565
119112

-1.577900
-5.455220
-0.832260
Oph
2
82565
119113

-1.575156
-5.456183
-0.838180

3
82565
82752

-3.237090
-11.614258
13.094445
Her
3
82765
82765

-3.319148
-11.945452
13.467008
Her
1
82765
119120

-3.255082
-11.713998
13.205787
Her
2
82765
84086
Rasalgethi
-20.995512
-104.709944
27.400863
Her
1
84086
84451

-0.997648
-5.510603
-3.919803
Sco
1
84451
119143

-1.017406
-5.619572
-3.997780
Sco
2
84451
119144

-1.016894
-5.619310
-3.998244
Sco
3
84451
85410
Rastaban
-9.169333
-70.678899
92.218765
Dra
1
85410
85665
Shaula
-16.048583
-138.749793
-105.649898
Sco
1
85665
85769
Rasalhague
-1.587067
-14.453242
3.239454
Oph
1
85769
85965
Sargas
-6.654055
-67.016643
-62.796539
Sco
1
85965
86475
Cebalrai
-1.802333
-24.949291
1.998237
Oph
1
86475
86705

-0.434406
-7.343700
3.865655
Her
1
86705
119179

-0.440255
-7.422380
3.906295
Her
2
86705
119180

-0.440292
-7.423009
3.906626
Her
3
86705
87561
Etamin
-0.436154
-29.451035
37.014357
Dra
1
87561
87665
Barnard's Star
-0.017373
-1.816613
0.149123
Oph
1
87665
88361
Nash
0.648969
-25.602281
-15.040072
Sgr
1
88361
89653
Kaus Meridionalis
8.460232
-92.098382
-53.027575
Sgr
1
89653
89906
Kaus Australis
3.817188
-36.057831
-24.812975
Sgr
1
89906
90217
Kaus Borealis
2.635486
-21.487046
-10.289309
Sgr
1
90217
90979
Vega
0.960565
-5.908009
4.809731
Lyr
1
90979
92133
Sheliak
53.408840
-240.514817
162.223134
Lyr
1
92133
92564
Nunki
14.950858
-60.794062
-30.937099
Sgr
1
92564
93846
Albaldah
43.714239
-139.143552
-56.055078
Sgr
1
93846
95648
Albireo
45.350466
-108.518380
62.430012
Cyg
1
95648
95992
Campbell's Hydrogen Star
34611.284098
-78889.844899
50778.453408
Cyg
1
95992
96970
Tarazed
53.215608
-106.431852
22.297682
Aql
1
96970
97338
Altair
2.355468
-4.487300
0.790749
Aql
1
97338
97725
Alshain
6.563854
-11.925647
1.528534
Aql
1
97725
97987
Cygnus X-1
240.174990
-422.950898
343.128080
Cyg
1
97987
100128
Sadr
249.318228
-348.795593
363.040966
Cyg
1
100128
100425
Peacock
17.850262
-24.200974
-45.841245
Pav
1
100425
101767
Deneb
197.250632
-232.113407
307.600832
Cyg
1
101767
102157
Gienah
12.262597
-13.834612
12.455654
Cyg
1
102157
104102

4.208227
-3.877326
-18.920359
Pav
1
104102
119390

3.988268
-3.673326
-17.931764
Pav
2
104102
119391

3.988268
-3.673326
-17.931764

3
104102
104549

12.034413
-10.573279
12.536148
Cyg
1
104549
119398

12.377178
-10.874040
12.892945
Cyg
2
104549
119399

12.380631
-10.878635
12.885753
Cyg
3
104549
104751
Lacaille 8760
2.330004
-2.003156
-2.476477
Mic
1
104751
104861
Alderamin
5.276111
-4.483201
13.348778
Cep
1
104861
105936
Sadalsuud
130.759282
-98.929336
-15.993766
Aqr
1
105936
106972
Enif
172.769915
-116.330918
36.257820
Peg
1
106972
108728
Sadalmelik
140.987693
-76.722268
-0.896054
Aqr
1
108728
108916

25.251132
-13.402344
-35.578852
Gru
1
108916
119474

27.263887
-14.522518
-38.310011

2
108916
119475

27.260869
-14.523430
-38.311813

3
108916
108922
Alnair
18.672505
-9.904001
-22.635193
Gru
1
108922
110547
Kruger 60
1.968033
-0.835470
3.381486
Cep
1
110547
111517

34.066420
-12.470398
-8.118998
Aqr
1
111517
119520

36.049549
-13.195622
-8.591556
Aqr
2
111517
119521

36.060344
-13.178991
-8.574995

3
111517
111804
Matar
53.599160
-18.717064
33.070991
Peg
1
111804
111893
Babcock's star
53443.383418
-18369.410721
82500.724352
Lac
1
111893
113008
Fomalhaut
6.450517
-1.799476
-3.807757
PsA
1
113008
113521
Scheat
51.433435
-12.877612
28.290136
Peg
1
113521
113603
Markab
38.311434
-9.417123
10.722722
Peg
1
113603
113687
Lacaille 9352
2.581532
-0.621353
-1.918773
PsA
1
113687
114493

44.520534
-8.675776
-7.255216
Aqr
1
114493
119553

44.113730
-8.604268
-7.182251
Aqr
2
114493
119554

44.115023
-8.604521
-7.182462
Aqr
3
114493
118084
p Eridani
4.110128
1.912046
-6.770100
Eri
1
118084
118136

14.104929
9.974211
12.963513

1
118136
118137

14.104929
9.974211
12.963513

2
118136
118138

14.107308
9.972798
12.962012

3
118136
119058

-11.530023
-20.879358
-4.798287
Sco
1
119058
119059

-11.530091
-20.879480
-4.798316
Sco
2
119058
119060

-11.530152
-20.879516
-4.797520
Sco
3
119058
83351

-3.766782
-15.491692
22.326644
Dra
2
119127
119127

-3.193886
-13.131670
18.925026
Dra
1
119127
119128

-3.193987
-13.132083
18.925621

3
119127
88131

0.683287
-50.807469
-7.304342
Oph
2
119195
119195

0.690292
-51.492963
-7.404135
Oph
1
119195
119196

0.712892
-51.491734
-7.419287
Oph
3
119195
